#P1	80		p03_max	3825.710599							
#											
#Delta	Beta	m2	p2/p1	p02/p01	M3	p3/p2	p03/p02	p2/p03		p03	Is_MAX
5.1	18.0991299	3.63120489	1.63486968	0.98802157	0.4463033	15.2165905	0.19012554	0.05731967		2281.757282	FALSE
5.3	18.2556135	3.61711678	1.66509063	0.98664725	0.446801	15.0974561	0.19244919	0.0577547		2306.431345	FALSE
5.5	18.4131694	3.60303723	1.69574479	0.98517996	0.44730376	14.9788569	0.19480107	0.05819438		2331.145777	FALSE
5.7	18.5717945	3.58896473	1.72683525	0.98361796	0.44781171	14.8607791	0.19718173	0.05863882		2355.893587	FALSE
5.9	18.7314856	3.57489783	1.75836505	0.98195965	0.44832497	14.7432102	0.19959172	0.05908814		2380.667322	FALSE
6.1	18.8922395	3.56083517	1.7903372	0.98020357	0.44884367	14.6261383	0.2020316	0.05954245		2405.459903	FALSE
6.3	19.054053	3.54677546	1.82275463	0.9783484	0.44936791	14.5095522	0.2045019	0.06000187		2430.263763	FALSE
6.5	19.2169225	3.53271748	1.85562023	0.97639295	0.44989784	14.3934416	0.20700318	0.06046651		2455.071715	FALSE
6.7	19.3808446	3.51866008	1.88893682	0.97433618	0.45043358	14.2777969	0.20953599	0.06093649		2479.876107	FALSE
6.9	19.5458156	3.50460219	1.92270718	0.97217719	0.45097525	14.1626093	0.21210088	0.06141192		2504.669686	FALSE
7.1	19.711832	3.4905428	1.95693403	0.9699152	0.45152297	14.0478706	0.21469839	0.06189293		2529.444355	FALSE
7.3	19.87889	3.47648097	1.99162002	0.9675496	0.45207688	13.9335732	0.21732907	0.06237964		2554.192387	FALSE
7.5	20.0469858	3.4624158	2.02676776	0.96507987	0.45263711	13.8197104	0.21999345	0.06287216		2578.906479	FALSE
7.7	20.2161155	3.4483465	2.06237979	0.96250568	0.45320378	13.7062758	0.22269209	0.06337062		2603.578491	FALSE
7.9	20.3862754	3.43427229	2.09845859	0.95982678	0.45377702	13.5932638	0.22542552	0.06387514		2628.200693	FALSE
8.1	20.5574615	3.42019248	2.1350066	0.95704309	0.45435696	13.4806694	0.22819428	0.06438585		2652.764979	FALSE
8.3	20.7296698	3.40610643	2.17202619	0.95415464	0.45494374	13.3684878	0.2309989	0.06490286		2677.264071	FALSE
8.5	20.9028963	3.39201355	2.20951965	0.9511616	0.45553748	13.2567153	0.23383991	0.0654263		2701.689871	FALSE
8.7	21.0771371	3.37791332	2.24748925	0.94806424	0.45613832	13.1453481	0.23671783	0.06595631		2726.033946	FALSE
8.9	21.2523881	3.36380524	2.28593718	0.94486299	0.4567464	13.0343833	0.23963319	0.066493		2750.289119	FALSE
9.1	21.4286453	3.34968889	2.32486556	0.94155836	0.45736185	12.9238183	0.24258651	0.06703651		2774.447011	FALSE
9.3	21.6059046	3.3355639	2.36427647	0.93815102	0.45798481	12.8136509	0.24557829	0.06758697		2798.499734	FALSE
9.5	21.7841619	3.32142991	2.40417193	0.93464171	0.45861541	12.7038794	0.24860905	0.06814451		2822.439466	FALSE
9.7	21.9634134	3.30728665	2.44455388	0.93103132	0.45925379	12.5945025	0.25167929	0.06870926		2846.258429	FALSE
9.9	22.1436549	3.29313387	2.48542422	0.92732082	0.45990009	12.4855191	0.25478951	0.06928136		2869.948534	FALSE
10.1	22.3248824	3.27897136	2.52678479	0.92351131	0.46055446	12.3769287	0.25794019	0.06986095		2893.50178	FALSE
10.3	22.507092	3.26479896	2.56863738	0.91960396	0.46121704	12.2687309	0.26113182	0.07044815		2916.911096	FALSE
10.5	22.6902797	3.25061654	2.61098369	0.91560006	0.46188797	12.1609258	0.26436488	0.07104312		2940.167819	FALSE
10.7	22.8744415	3.23642401	2.65382539	0.91150099	0.46256739	12.0535138	0.26763984	0.07164599		2963.264674	FALSE
10.9	23.0595737	3.22222133	2.69716409	0.90730823	0.46325545	11.9464953	0.27095716	0.0722569		2986.194083	FALSE
11.1	23.2456724	3.20800846	2.74100133	0.90302331	0.46395231	11.8398713	0.2743173	0.072876		3008.948164	FALSE
11.3	23.4327338	3.19378542	2.78533861	0.89864789	0.46465811	11.7336429	0.2777207	0.07350343		3031.519601	FALSE
11.5	23.6207542	3.17955226	2.83017736	0.89418368	0.465373	11.6278114	0.2811678	0.07413935		3053.900375	FALSE
11.7	23.8097299	3.16530905	2.87551896	0.88963247	0.46609714	11.5223783	0.28465903	0.0747839		3076.083446	FALSE
11.9	23.9996575	3.15105588	2.92136475	0.88499611	0.46683068	11.4173453	0.28819481	0.07543723		3098.061527	FALSE
12.1	24.1905332	3.13679288	2.96771598	0.88027654	0.46757378	11.3127145	0.29177554	0.07609949		3119.827457	FALSE
12.3	24.3823538	3.1225202	3.01457389	0.87547574	0.46832659	11.2084878	0.29540163	0.07677085		3141.373467	FALSE
12.5	24.5751159	3.10823801	3.06193963	0.87059577	0.46908929	11.1046674	0.29907347	0.07745146		3162.692742	FALSE
12.7	24.7688162	3.0939465	3.10981432	0.86563871	0.46986202	11.0012558	0.30279142	0.07814149		3183.777857	FALSE
12.9	24.9634516	3.07964589	3.15819903	0.86060673	0.47064497	10.8982553	0.30655587	0.07884108		3204.622798	FALSE
13.1	25.159019	3.06533642	3.20709476	0.85550202	0.47143829	10.7956686	0.31036715	0.07955042		3225.219688	FALSE
13.3	25.3555154	3.05101833	3.25650248	0.85032681	0.47224215	10.6934983	0.31422561	0.08026966		3245.5625	FALSE
13.5	25.5529381	3.03669188	3.30642311	0.84508338	0.47305674	10.5917472	0.31813159	0.08099898		3265.644195	FALSE
13.7	25.7512842	3.02235737	3.35685751	0.83977404	0.47388222	10.4904181	0.32208538	0.08173854		3285.458742	FALSE
13.9	25.9505513	3.00801508	3.4078065	0.83440113	0.47471876	10.3895138	0.3260873	0.08248854		3304.998731	FALSE
14.1	26.1507367	2.99366532	3.45927087	0.82896701	0.47556656	10.2890374	0.33013762	0.08324914		3324.2586	FALSE
14.3	26.3518382	2.97930841	3.51125134	0.82347406	0.4764258	10.1889917	0.33423663	0.08402053		3343.231793	FALSE
14.5	26.5538536	2.96494467	3.5637486	0.8179247	0.47729666	10.0893797	0.33838458	0.08480288		3361.912803	FALSE
14.7	26.7567807	2.95057445	3.6167633	0.81232133	0.47817933	9.99020456	0.3425817	0.0855964		3380.294779	FALSE
14.9	26.9606177	2.93619808	3.67029605	0.8066664	0.479074	9.89146909	0.34682823	0.08640127		3398.372316	FALSE
15.1	27.1653628	2.92181592	3.72434741	0.80096232	0.47998087	9.79317636	0.35112436	0.08721769		3416.139464	FALSE
15.3	27.3710145	2.90742832	3.7789179	0.79521155	0.48090015	9.69532937	0.3554703	0.08804585		3433.59093	FALSE
15.5	27.5775711	2.89303564	3.83400803	0.78941652	0.48183202	9.59793108	0.3598662	0.08888597		3450.72054	FALSE
15.7	27.7850315	2.87863823	3.88961824	0.78357968	0.48277671	9.50098445	0.36431224	0.08973823		3467.523922	FALSE
15.9	27.9933946	2.86423647	3.94574896	0.77770345	0.48373442	9.40449237	0.36880854	0.09060286		3483.995062	FALSE
16.1	28.2026594	2.84983072	4.00240058	0.77179026	0.48470537	9.30845771	0.37335522	0.09148007		3500.129005	FALSE
16.3	28.4128253	2.83542135	4.05957344	0.76584252	0.48568977	9.21288329	0.37795238	0.09237008		3515.920688	FALSE
16.5	28.6238915	2.82100871	4.11726789	0.75986262	0.48668785	9.11777187	0.38260009	0.0932731		3531.365755	FALSE
16.7	28.8358579	2.80659317	4.17548421	0.75385296	0.48769985	9.02312614	0.38729842	0.09418938		3546.458601	FALSE
16.9	29.0487242	2.7921751	4.23422268	0.74781589	0.48872598	8.92894875	0.39204739	0.09511914		3561.195091	FALSE
17.1	29.2624905	2.77775483	4.29348354	0.74175376	0.48976649	8.83524225	0.39684701	0.09606261		3575.571007	FALSE
17.3	29.477157	2.76333273	4.35326703	0.73566886	0.49082162	8.74200912	0.40169729	0.09702005		3589.581354	FALSE
17.5	29.6927243	2.74890915	4.41357333	0.7295635	0.49189162	8.64925177	0.40659819	0.09799169		3603.222543	FALSE
17.7	29.9091931	2.73448441	4.47440263	0.72343994	0.49297675	8.55697251	0.41154965	0.0989778		3616.489863	FALSE
17.9	30.1265642	2.72005886	4.53575509	0.7173004	0.49407726	8.46517357	0.4165516	0.09997863		3629.37967	FALSE
18.1	30.3448389	2.70563281	4.59763087	0.71114708	0.49519342	8.37385707	0.42160393	0.10099444		3641.888302	FALSE
18.3	30.5640187	2.69120658	4.66003008	0.70498214	0.4963255	8.28302505	0.42670651	0.10202551		3654.011692	FALSE
18.5	30.7841052	2.67678049	4.72295286	0.69880772	0.49747378	8.19267943	0.43185919	0.10307212		3665.746167	FALSE
18.7	31.0051003	2.66235482	4.78639931	0.69262589	0.49863853	8.10282206	0.43706178	0.10413455		3677.08839	FALSE
18.9	31.2270063	2.64792986	4.85036954	0.68643872	0.49982007	8.01345464	0.44231409	0.10521308		3688.035396	FALSE
19.1	31.4498256	2.63350588	4.91486364	0.68024821	0.50101868	7.92457879	0.44761588	0.10630802		3698.583524	FALSE
19.3	31.6735611	2.61908315	4.9798817	0.67405634	0.50223466	7.83619601	0.45296688	0.10741967		3708.729844	FALSE
19.5	31.8982158	2.60466192	5.04542383	0.66786503	0.50346834	7.74830769	0.45836681	0.10854835		3718.471137	FALSE
19.7	32.123793	2.59024242	5.1114901	0.66167618	0.50472004	7.66091509	0.46381535	0.10969438		3727.804542	FALSE
19.9	32.3502965	2.57582486	5.17808061	0.65549161	0.50599008	7.57401937	0.46931215	0.11085807		3736.727951	FALSE
20.1	32.5777302	2.56140947	5.24519548	0.64931313	0.50727881	7.48762157	0.47485684	0.11203978		3745.237972	FALSE
20.3	32.8060985	2.54699642	5.31283481	0.64314249	0.50858657	7.4017226	0.48044899	0.11323985		3753.332284	FALSE
20.5	33.035406	2.5325859	5.38099874	0.63698139	0.50991372	7.31632324	0.48608819	0.11445863		3761.008665	FALSE
20.7	33.2656578	2.51817805	5.44968739	0.63083149	0.51126063	7.23142418	0.49177394	0.11569649		3768.264631	FALSE
20.9	33.4968592	2.50377303	5.51890093	0.62469441	0.51262768	7.14702597	0.49750576	0.11695379		3775.098476	FALSE
21.1	33.729016	2.48937095	5.58863953	0.61857171	0.51401526	7.06312901	0.50328311	0.11823094		3781.507297	FALSE
21.3	33.9621344	2.47497191	5.65890341	0.61246491	0.51542377	6.97973362	0.5091054	0.11952832		3787.489633	FALSE
21.5	34.1962209	2.460576	5.7296928	0.60637547	0.51685361	6.89683996	0.51497206	0.12084634		3793.043496	FALSE
21.7	34.4312825	2.44618328	5.80100796	0.60030483	0.51830522	6.81444808	0.52088242	0.12218542		3798.167055	FALSE
21.9	34.6673265	2.43179379	5.8728492	0.59425434	0.51977903	6.73255791	0.52683583	0.12354599		3802.858644	FALSE
22.1	34.9043607	2.41740756	5.94521684	0.58822534	0.5212755	6.65116923	0.53283157	0.12492849		3807.116753	FALSE
22.3	35.1423936	2.40302459	6.01811129	0.58221911	0.52279507	6.57028171	0.53886891	0.12633337		3810.94008	FALSE
22.5	35.3814338	2.38864484	6.09153297	0.57623687	0.52433824	6.4898949	0.54494705	0.12776112		3814.326593	FALSE
22.7	35.6214907	2.37426828	6.16548237	0.57027982	0.52590551	6.4100082	0.55106518	0.12921221		3817.275392	FALSE
22.9	35.8625739	2.35989483	6.23996004	0.56434908	0.52749737	6.3306209	0.55722245	0.13068714		3819.7852	FALSE
23.1	36.1046939	2.3455244	6.31496657	0.55844575	0.52911435	6.25173217	0.56341796	0.13218642		3821.854965	FALSE
23.3	36.3478614	2.33115685	6.39050265	0.55257086	0.53075701	6.17334102	0.56965077	0.13371059		3823.483331	FALSE
23.5	36.5920881	2.31679206	6.46656903	0.54672542	0.53242589	6.09544635	0.57591991	0.1352602		3824.669211	FALSE
23.7	36.8373858	2.30242982	6.54316653	0.54091038	0.5341216	6.01804696	0.58222438	0.1368358		3825.412081	FALSE
23.9	37.0837673	2.28806995	6.62029607	0.53512663	0.53584471	5.94114147	0.58856311	0.13843799		3825.710599	TRUE
24.1	37.331246	2.2737122	6.69795865	0.52937505	0.53759587	5.86472841	0.59493501	0.14006736		3825.5643	FALSE
24.3	37.5798357	2.25935632	6.7761554	0.52365644	0.53937571	5.78880616	0.60133894	0.14172453		3824.972515	FALSE
24.5	37.8295514	2.245002	6.85488751	0.51797159	0.5411849	5.71337298	0.60777372	0.14341017		3823.933831	FALSE
24.7	38.0804084	2.23064891	6.93415633	0.51232121	0.54302414	5.638427	0.61423813	0.14512492		3822.448318	FALSE
24.9	38.332423	2.21629669	7.0139633	0.50670599	0.54489414	5.56396623	0.6207309	0.14686947		3820.515346	FALSE
25.1	38.5856123	2.20194495	7.09431001	0.50112659	0.54679566	5.48998852	0.62725072	0.14864456		3818.133679	FALSE
25.3	38.8399942	2.18759325	7.17519819	0.49558359	0.54872945	5.41649161	0.63379624	0.1504509		3815.303565	FALSE
25.5	39.0955876	2.17324111	7.25662972	0.49007757	0.55069633	5.34347312	0.64036605	0.15228927		3812.024167	FALSE
25.7	39.3524122	2.15888804	7.33860664	0.48460904	0.55269714	5.27093049	0.6469587	0.15416046		3808.295144	FALSE
25.9	39.6104887	2.14453346	7.42113116	0.47917848	0.55473274	5.19886108	0.65357269	0.1560653		3804.115923	FALSE
26.1	39.869839	2.1301768	7.50420569	0.47378634	0.55680404	5.12726207	0.66020649	0.15800465		3799.485997	FALSE
26.3	40.130486	2.11581741	7.58783282	0.46843302	0.55891198	5.05613053	0.66685851	0.15997938		3794.405414	FALSE
26.5	40.3924537	2.1014546	7.67201538	0.46311889	0.56105754	4.98546337	0.6735271	0.16199043		3788.873395	FALSE
26.7	40.6557674	2.08708765	7.75675641	0.45784427	0.56324174	4.91525736	0.68021057	0.16403875		3782.889792	FALSE
26.9	40.9204536	2.07271577	7.84205919	0.45260945	0.56546567	4.84550913	0.68690719	0.16612535		3776.453956	FALSE
27.1	41.1865403	2.05833813	7.92792727	0.4474147	0.56773042	4.77621517	0.69361515	0.16825125		3769.565941	FALSE
27.3	41.4540569	2.04395382	8.01436448	0.44226022	0.57003716	4.70737179	0.70033263	0.17041755		3762.224949	FALSE
27.5	41.7230341	2.02956191	8.10137495	0.43714621	0.57238712	4.63897516	0.70705772	0.17262537		3754.430742	FALSE
27.7	41.9935046	2.01516138	8.18896314	0.43207281	0.57478156	4.5710213	0.71378847	0.17487588		3746.183014	FALSE
27.9	42.2655025	2.00075115	8.27713384	0.42704013	0.57722183	4.50350605	0.72052289	0.17717032		3737.481014	FALSE
28.1	42.5390639	1.98633008	8.36589222	0.42204827	0.57970932	4.43642507	0.7272589	0.17950996		3728.324476	FALSE
28.3	42.8142268	1.97189695	8.45524386	0.41709726	0.5822455	4.36977386	0.73399439	0.18189616		3718.712417	FALSE
28.5	43.0910312	1.95745047	8.54519475	0.41218712	0.58483191	4.30354773	0.7407272	0.18433029		3708.644846	FALSE
28.7	43.3695195	1.94298925	8.63575135	0.40731784	0.58747017	4.23774179	0.74745509	0.18681385		3698.120391	FALSE
28.9	43.6497362	1.92851185	8.72692061	0.40248935	0.59016198	4.17235094	0.75417576	0.18934835		3687.138804	FALSE
29.1	43.9317285	1.91401669	8.81871005	0.39770159	0.59290914	4.10736991	0.76088687	0.19193541		3675.699049	FALSE
29.3	44.2155464	1.89950215	8.91112772	0.39295442	0.59571354	4.04279315	0.767586	0.19457673		3663.79997	FALSE
29.5	44.5012426	1.88496644	9.00418233	0.38824771	0.59857718	3.97861492	0.77427068	0.19727408		3651.440607	FALSE
29.7	44.7888731	1.87040772	9.09788325	0.38358127	0.60150215	3.91482922	0.78093836	0.20002933		3638.619696	FALSE
29.9	45.0784971	1.85582398	9.1922406	0.37895489	0.60449069	3.85142977	0.78758644	0.20284444		3625.335987	FALSE
30.1	45.3701777	1.84121311	9.28726528	0.37436832	0.60754516	3.78841003	0.79421224	0.20572149		3611.587795	FALSE
30.3	45.6639816	1.82657286	9.38296907	0.36982128	0.61066805	3.72576315	0.80081301	0.20866266		3597.37351	FALSE
30.5	45.9599801	1.8119008	9.47936468	0.36531346	0.61386203	3.66348196	0.80738594	0.21167026		3582.691184	FALSE
30.7	46.2582489	1.79719438	9.57646585	0.36084451	0.6171299	3.60155894	0.81392814	0.21474674		3567.538525	FALSE
30.9	46.5588688	1.78245085	9.67428743	0.35641404	0.62047468	3.53998622	0.82043663	0.21789467		3551.913383	FALSE
31.1	46.8619261	1.76766727	9.77284552	0.35202164	0.62389957	3.4787555	0.82690837	0.22111681		3535.812775	FALSE
31.3	47.1675129	1.75284048	9.87215754	0.34766684	0.62740798	3.41785806	0.83334024	0.22441605		3519.234044	FALSE
31.5	47.475728	1.73796713	9.9722424	0.34334915	0.63100356	3.3572847	0.83972903	0.2277955		3502.173625	FALSE
31.7	47.7866775	1.72304357	10.0731206	0.33906803	0.63469025	3.29702569	0.84607142	0.23125846		3484.627754	FALSE
31.9	48.1004751	1.70806592	10.1748145	0.33482289	0.63847223	3.23707075	0.85236404	0.23480844		3466.592427	FALSE
32.1	48.4172433	1.69302998	10.2773484	0.33061311	0.64235404	3.17740895	0.8586034	0.2384492		3448.063034	FALSE
32.3	48.7371143	1.67793121	10.3807488	0.32643801	0.64634055	3.11802869	0.86478591	0.24218477		3429.034386	FALSE
32.5	49.060231	1.66276471	10.4850447	0.32229685	0.65043701	3.05891759	0.87090788	0.24601946		3409.500923	FALSE
32.7	49.3867479	1.64752517	10.5902677	0.31818885	0.65464913	3.00006241	0.8769655	0.24995794		3389.455906	FALSE
32.9	49.7168331	1.63220682	10.6964525	0.31411316	0.65898309	2.94144898	0.88295487	0.2540052		3368.892448	FALSE
33.1	50.0506694	1.61680338	10.8036375	0.31006885	0.66344562	2.88306205	0.88887194	0.25816665		3347.802669	FALSE
33.3	50.3884563	1.60130798	10.9118645	0.30605493	0.66804406	2.82488515	0.89471253	0.26244816		3326.177482	FALSE
33.5	50.7304122	1.58571312	11.0211801	0.30207033	0.67278646	2.76690047	0.90047234	0.26685609		3304.00707	FALSE
33.7	51.0767769	1.57001055	11.1316357	0.29811386	0.67768165	2.70908866	0.90614688	0.27139739		3281.280104	FALSE
33.9	51.4278146	1.55419117	11.2432883	0.29418427	0.68273933	2.65142858	0.91173155	0.27607965		3257.983933	FALSE
34.1	51.7838176	1.53824494	11.3562017	0.29028013	0.68797029	2.59389707	0.91722152	0.28091117		3234.104703	FALSE
34.3	52.1451102	1.52216067	11.470447	0.28639994	0.69338645	2.53646864	0.9226118	0.28590114		3209.626097	FALSE
34.5	52.5120543	1.50592593	11.5861043	0.28254198	0.69900116	2.47911507	0.92789719	0.29105969		3184.530101	FALSE
34.7	52.8850551	1.48952675	11.7032636	0.27870439	0.70482936	2.42180493	0.93307224	0.29639807		3158.796169	FALSE
34.9	53.2645692	1.4729474	11.8220273	0.27488508	0.71088788	2.36450308	0.93813125	0.30192888		3132.400531	FALSE
35.1	53.6511136	1.45617009	11.9425119	0.2710817	0.7171958	2.30716989	0.94306825	0.30766623		3105.316277	FALSE
35.3	54.0452778	1.43917448	12.0648509	0.26729161	0.72377489	2.24976039	0.94787692	0.31362606		3077.512347	FALSE
35.5	54.4477384	1.42193726	12.1891988	0.2635118	0.73065016	2.19222318	0.95255061	0.31982654		3048.952423	FALSE
35.7	54.8592782	1.40443143	12.3157347	0.25973881	0.73785056	2.13449892	0.95708223	0.32628845		3019.594399	FALSE
35.9	55.280811	1.38662546	12.4446693	0.25596863	0.74540992	2.07651854	0.96146421	0.33303583		2989.388691	FALSE
36.1	55.7134141	1.36848217	12.5762519	0.25219656	0.75336816	2.0182007	0.96568845	0.34009677		2958.276117	FALSE
36.3	56.1583724	1.34995718	12.710781	0.24841702	0.76177294	1.95944847	0.96974617	0.34750438		2926.186081	FALSE
36.5	56.6172383	1.33099685	12.8486191	0.2446233	0.7706819	1.90014474	0.97362781	0.3552983		2893.032497	FALSE
36.7	57.0919168	1.31153531	12.9902127	0.24080718	0.78016585	1.8401457	0.97732289	0.36352663		2858.70946	FALSE
36.9	57.5847879	1.2914902	13.1361218	0.2369584	0.79031338	1.77927144	0.98081973	0.37224882		2823.084151	FALSE
37.1	58.098891	1.27075627	13.2870638	0.23306386	0.80123773	1.71729176	0.98410524	0.38153994		2785.986453	FALSE
37.3	58.6382111	1.24919541	13.4439825	0.22910638	0.81308758	1.65390405	0.9871644	0.39149727		2747.193103	FALSE
37.5	59.2081486	1.22662027	13.608161	0.22506261	0.82606469	1.58869686	0.98997975	0.4022511		2706.40125	FALSE
37.7	59.8163408	1.20276566	13.7814189	0.22089943	0.84045479	1.52108613	0.9925304	0.41398346		2663.182515	FALSE
37.9	60.4742182	1.17723425	13.9664869	0.21656705	0.85668612	1.45019389	0.99479058	0.42696334		2616.896692	FALSE
38.1	61.2003136	1.1493811	14.167803	0.21198432	0.87545406	1.37458973	0.99672703	0.4416213		2566.507186	FALSE
38.3	62.0285717	1.1180235	14.3935149	0.20700159	0.89803433	1.29163932	0.99829389	0.45873538		2510.120741	FALSE
38.5	63.0360061	1.08047464	14.6621482	0.20127681	0.92732607	1.1953297	0.99942101	0.480046		2443.457202	FALSE
